mi: 0.77421963
ti: 8.457843
pi: 2.5798287
prei: 0.8892401
rei: 0.90068513

mu: 0.7676718
tu: 8.413307
pu: 4.245162
preu: 0.89948714
reu: 0.8731157

mci: 0.76600665
tci: 109.80257
pci: 32.53401
preci: 0.88869447
reci: 0.90178454

mcu: 0.7606258
tcu: 108.2003
pcu: 33.587948
precu: 0.8877679
recu: 0.90546334
