mi: 1.0222498
ti: 0.6550697
pi: 0.030787384
prei: 0.76700455
rei: 0.5851523

mu: 0.9245101
tu: 18.973953
pu: 21.40358
preu: 0.81627834
reu: 0.493891

mci: 0.9207864
tci: 117.18913
pci: 95.300964
preci: 0.8081371
reci: 0.5181537

mcu: 0.9292387
tcu: 124.10024
pcu: 105.721634
precu: 0.801905
recu: 0.5216466
