mi: 0.8195761
ri: 1.0806043
ti: 4.175392
pi: 0.5920542
prei: 0.8584118
rei: 0.88413125

mu: 0.7734199
ru: 1.0059192
tu: 9.255338
pu: 6.9764037
preu: 0.883019
reu: 0.8857524

mci: 0.75614095
rci: 0.9554626
tci: 125.87351
pci: 45.417175
preci: 0.9256917
reci: 0.87607205

mcu: 0.75653684
rcu: 0.9562033
tcu: 128.25122
pcu: 48.913044
precu: 0.9288907
recu: 0.8744383
